3072
5120
512
7680
1536
6656
2560
5632
3584
4608
256
7936
768
7424
1280
6912
1792
6400
2304
5888
2816
5376
3328
4864
3840
4352
128
8064
384
7808
640
7552
896
7296
1152
7040
1408
6784
1664
6528
1920
6272
2176
6016
2432
5760
2688
5504
2944
5248
3200
4992
3456
4736
3712
4480
3968
4224
64
8128
192
8000
320
7872
448
7744
576
7616
704
7488
832
7360
960
7232
1088
7104
1216
6976
1344
6848
1472
6720
1600
6592
1728
6464
1856
6336
1984
6208
2112
6080
2240
5952
2368
5824
2496
5696
2624
5568
2752
5440
2880
5312
3008
5184
3136
5056
3264
4928
3392
4800
3520
4672
3648
4544
3776
4416
3904
4288
4032
4160
32
8160
96
8096
160
8032
224
7968
288
7904
352
7840
416
7776
480
7712
544
7648
608
7584
672
7520
736
7456
800
7392
864
7328
928
7264
992
7200
1056
7136
1120
7072
1184
7008
1248
6944
1312
6880
1376
6816
1440
6752
1504
6688
1568
6624
1632
6560
1696
6496
1760
6432
1824
6368
1888
6304
1952
6240
2016
6176
2080
6112
2144
6048
2208
5984
2272
5920
2336
5856
2400
5792
2464
5728
2528
5664
2592
5600
2656
5536
2720
5472
2784
5408
2848
5344
2912
5280
2976
5216
3040
5152
3104
5088
3168
5024
3232
4960
3296
4896
3360
4832
3424
4768
3488
4704
3552
4640
3616
4576
3680
4512
3744
4448
3808
4384
3872
4320
3936
4256
4000
4192
4064
4128
16
8176
48
8144
80
8112
112
8080
144
8048
176
8016
208
7984
240
7952
272
7920
304
7888
336
7856
368
7824
400
7792
432
7760
464
7728
496
7696
528
7664
560
7632
592
7600
624
7568
656
7536
688
7504
720
7472
752
7440
784
7408
816
7376
848
7344
880
7312
912
7280
944
7248
976
7216
1008
7184
1040
7152
1072
7120
1104
7088
1136
7056
1168
7024
1200
6992
1232
6960
1264
6928
1296
6896
1328
6864
1360
6832
1392
6800
1424
6768
1456
6736
1488
6704
1520
6672
1552
6640
1584
6608
1616
6576
1648
6544
1680
6512
1712
6480
1744
6448
1776
6416
1808
6384
1840
6352
1872
6320
1904
6288
1936
6256
1968
6224
2000
6192
2032
6160
2064
6128
2096
6096
2128
6064
2160
6032
2192
6000
2224
5968
2256
5936
2288
5904
2320
5872
2352
5840
2384
5808
2416
5776
2448
5744
2480
5712
2512
5680
2544
5648
2576
5616
2608
5584
2640
5552
2672
5520
2704
5488
2736
5456
2768
5424
2800
5392
2832
5360
2864
5328
2896
5296
2928
5264
2960
5232
2992
5200
3024
5168
3056
5136
3088
5104
3120
5072
3152
5040
3184
5008
3216
4976
3248
4944
3280
4912
3312
4880
3344
4848
3376
4816
3408
4784
3440
4752
3472
4720
3504
4688
3536
4656
3568
4624
3600
4592
3632
4560
3664
4528
3696
4496
3728
4464
3760
4432
3792
4400
3824
4368
3856
4336
3888
4304
3920
4272
3952
4240
3984
4208
4016
4176
4048
4144
4080
4112
8
8184
24
8168
40
8152
56
8136
72
8120
88
8104
104
8088
120
8072
136
8056
152
8040
168
8024
184
8008
200
7992
216
7976
232
7960
248
7944
264
7928
280
7912
296
7896
312
7880
328
7864
344
7848
360
7832
376
7816
392
7800
408
7784
424
7768
440
7752
456
7736
472
7720
488
7704
504
7688
520
7672
536
7656
552
7640
568
7624
584
7608
600
7592
616
7576
632
7560
648
7544
664
7528
680
7512
696
7496
712
7480
728
7464
744
7448
760
7432
776
7416
792
7400
808
7384
824
7368
840
7352
856
7336
872
7320
888
7304
904
7288
920
7272
936
7256
952
7240
968
7224
984
7208
1000
7192
1016
7176
1032
7160
1048
7144
1064
7128
1080
7112
1096
7096
1112
7080
1128
7064
1144
7048
1160
7032
1176
7016
1192
7000
1208
6984
1224
6968
1240
6952
1256
6936
1272
6920
1288
6904
1304
6888
1320
6872
1336
6856
1352
6840
1368
6824
1384
6808
1400
6792
1416
6776
1432
6760
1448
6744
1464
6728
1480
6712
1496
6696
1512
6680
1528
6664
1544
6648
1560
6632
1576
6616
1592
6600
1608
6584
1624
6568
1640
6552
1656
6536
1672
6520
1688
6504
1704
6488
1720
6472
1736
6456
1752
6440
1768
6424
1784
6408
1800
6392
1816
6376
1832
6360
1848
6344
1864
6328
1880
6312
1896
6296
1912
6280
1928
6264
1944
6248
1960
6232
1976
6216
1992
6200
2008
6184
2024
6168
2040
6152
2056
6136
2072
6120
2088
6104
2104
6088
2120
6072
2136
6056
2152
6040
2168
6024
2184
6008
2200
5992
2216
5976
2232
5960
2248
5944
2264
5928
2280
5912
2296
5896
2312
5880
2328
5864
2344
5848
2360
5832
2376
5816
2392
5800
2408
5784
2424
5768
2440
5752
2456
5736
2472
5720
2488
5704
2504
5688
2520
5672
2536
5656
2552
5640
2568
5624
2584
5608
2600
5592
2616
5576
2632
5560
2648
5544
2664
5528
2680
5512
2696
5496
2712
5480
2728
5464
2744
5448
2760
5432
2776
5416
2792
5400
2808
5384
2824
5368
2840
5352
2856
5336
2872
5320
2888
5304
2904
5288
2920
5272
2936
5256
2952
5240
2968
5224
2984
5208
3000
5192
3016
5176
3032
5160
3048
5144
3064
5128
3080
5112
3096
5096
3112
5080
3128
5064
3144
5048
3160
5032
3176
5016
3192
5000
3208
4984
3224
4968
3240
4952
3256
4936
3272
4920
3288
4904
3304
4888
3320
4872
3336
4856
3352
4840
3368
4824
3384
4808
3400
4792
3416
4776
3432
4760
3448
4744
3464
4728
3480
4712
3496
4696
3512
4680
3528
4664
3544
4648
3560
4632
3576
4616
3592
4600
3608
4584
3624
4568
3640
4552
3656
4536
3672
4520
3688
4504
3704
4488
3720
4472
3736
4456
3752
4440
3768
4424
3784
4408
3800
4392
3816
4376
3832
4360
3848
4344
3864
4328
3880
4312
3896
4296
3912
4280
3928
4264
3944
4248
3960
4232
3976
4216
3992
4200
4008
4184
4024
4168
4040
4152
4056
4136
4072
4120
4088
4104
4
8188
12
8180
20
8172
28
8164
36
8156
44
8148
52
8140
60
8132
68
8124
76
8116
84
8108
92
8100
100
8092
108
8084
116
8076
124
8068
132
8060
140
8052
148
8044
156
8036
164
8028
172
8020
180
8012
188
8004
196
7996
204
7988
212
7980
220
7972
228
7964
236
7956
244
7948
252
7940
260
7932
268
7924
276
7916
284
7908
292
7900
300
7892
308
7884
316
7876
324
7868
332
7860
340
7852
348
7844
356
7836
364
7828
372
7820
380
7812
388
7804
396
7796
404
7788
412
7780
420
7772
428
7764
436
7756
444
7748
452
7740
460
7732
468
7724
476
7716
484
7708
492
7700
500
7692
508
7684
516
7676
524
7668
532
7660
540
7652
548
7644
556
7636
564
7628
572
7620
580
7612
588
7604
596
7596
604
7588
612
7580
620
7572
628
7564
636
7556
644
7548
652
7540
660
7532
668
7524
676
7516
684
7508
692
7500
700
7492
708
7484
716
7476
724
7468
732
7460
740
7452
748
7444
756
7436
764
7428
772
7420
780
7412
788
7404
796
7396
804
7388
812
7380
820
7372
828
7364
836
7356
844
7348
852
7340
860
7332
868
7324
876
7316
884
7308
892
7300
900
7292
908
7284
916
7276
924
7268
932
7260
940
7252
948
7244
956
7236
964
7228
972
7220
980
7212
988
7204
996
7196
1004
7188
1012
7180
1020
7172
1028
7164
1036
7156
1044
7148
1052
7140
1060
7132
1068
7124
1076
7116
1084
7108
1092
7100
1100
7092
1108
7084
1116
7076
1124
7068
1132
7060
1140
7052
1148
7044
1156
7036
1164
7028
1172
7020
1180
7012
1188
7004
1196
6996
1204
6988
1212
6980
1220
6972
1228
6964
1236
6956
1244
6948
1252
6940
1260
6932
1268
6924
1276
6916
1284
6908
1292
6900
1300
6892
1308
6884
1316
6876
1324
6868
1332
6860
1340
6852
1348
6844
1356
6836
1364
6828
1372
6820
1380
6812
1388
6804
1396
6796
1404
6788
1412
6780
1420
6772
1428
6764
1436
6756
1444
6748
1452
6740
1460
6732
1468
6724
1476
6716
1484
6708
1492
6700
1500
6692
1508
6684
1516
6676
1524
6668
1532
6660
1540
6652
1548
6644
1556
6636
1564
6628
1572
6620
1580
6612
1588
6604
1596
6596
1604
6588
1612
6580
1620
6572
1628
6564
1636
6556
1644
6548
1652
6540
1660
6532
1668
6524
1676
6516
1684
6508
1692
6500
1700
6492
1708
6484
1716
6476
1724
6468
1732
6460
1740
6452
1748
6444
1756
6436
1764
6428
1772
6420
1780
6412
1788
6404
1796
6396
1804
6388
1812
6380
1820
6372
1828
6364
1836
6356
1844
6348
1852
6340
1860
6332
1868
6324
1876
6316
1884
6308
1892
6300
1900
6292
1908
6284
1916
6276
1924
6268
1932
6260
1940
6252
1948
6244
1956
6236
1964
6228
1972
6220
1980
6212
1988
6204
1996
6196
2004
6188
2012
6180
2020
6172
2028
6164
2036
6156
2044
6148
2052
6140
2060
6132
2068
6124
2076
6116
2084
6108
2092
6100
2100
6092
2108
6084
2116
6076
2124
6068
2132
6060
2140
6052
2148
6044
2156
6036
2164
6028
2172
6020
2180
6012
2188
6004
2196
5996
2204
5988
2212
5980
2220
5972
2228
5964
2236
5956
2244
5948
2252
5940
2260
5932
2268
5924
2276
5916
2284
5908
2292
5900
2300
5892
2308
5884
2316
5876
2324
5868
2332
5860
2340
5852
2348
5844
2356
5836
2364
5828
2372
5820
2380
5812
2388
5804
2396
5796
2404
5788
2412
5780
2420
5772
2428
5764
2436
5756
2444
5748
2452
5740
2460
5732
2468
5724
2476
5716
2484
5708
2492
5700
2500
5692
2508
5684
2516
5676
2524
5668
2532
5660
2540
5652
2548
5644
2556
5636
2564
5628
2572
5620
2580
5612
2588
5604
2596
5596
2604
5588
2612
5580
2620
5572
2628
5564
2636
5556
2644
5548
2652
5540
2660
5532
2668
5524
2676
5516
2684
5508
2692
5500
2700
5492
2708
5484
2716
5476
2724
5468
2732
5460
2740
5452
2748
5444
2756
5436
2764
5428
2772
5420
2780
5412
2788
5404
2796
5396
2804
5388
2812
5380
2820
5372
2828
5364
2836
5356
2844
5348
2852
5340
2860
5332
2868
5324
2876
5316
2884
5308
2892
5300
2900
5292
2908
5284
2916
5276
2924
5268
2932
5260
2940
5252
2948
5244
2956
5236
2964
5228
2972
5220
2980
5212
2988
5204
2996
5196
3004
5188
3012
5180
3020
5172
3028
5164
3036
5156
3044
5148
3052
5140
3060
5132
3068
5124
3076
5116
3084
5108
3092
5100
3100
5092
3108
5084
3116
5076
3124
5068
3132
5060
3140
5052
3148
5044
3156
5036
3164
5028
3172
5020
3180
5012
3188
5004
3196
4996
3204
4988
3212
4980
3220
4972
3228
4964
3236
4956
3244
4948
3252
4940
3260
4932
3268
4924
3276
4916
3284
4908
3292
4900
3300
4892
3308
4884
3316
4876
3324
4868
3332
4860
3340
4852
3348
4844
3356
4836
3364
4828
3372
4820
3380
4812
3388
4804
3396
4796
3404
4788
3412
4780
3420
4772
3428
4764
3436
4756
3444
4748
3452
4740
3460
4732
3468
4724
3476
4716
3484
4708
3492
4700
3500
4692
3508
4684
3516
4676
3524
4668
3532
4660
3540
4652
3548
4644
3556
4636
3564
4628
3572
4620
3580
4612
3588
4604
3596
4596
3604
4588
3612
4580
3620
4572
3628
4564
3636
4556
3644
4548
3652
4540
3660
4532
3668
4524
3676
4516
3684
4508
3692
4500
3700
4492
3708
4484
3716
4476
3724
4468
3732
4460
3740
4452
3748
4444
3756
4436
3764
4428
3772
4420
3780
4412
3788
4404
3796
4396
3804
4388
3812
4380
3820
4372
3828
4364
3836
4356
3844
4348
3852
4340
3860
4332
3868
4324
3876
4316
3884
4308
3892
4300
3900
4292
3908
4284
3916
4276
3924
4268
3932
4260
3940
4252
3948
4244
3956
4236
3964
4228
3972
4220
3980
4212
3988
4204
3996
4196
4004
4188
4012
4180
4020
4172
4028
4164
4036
4156
4044
4148
4052
4140
4060
4132
4068
4124
4076
4116
4084
4108
4092
4100
2
8190
6
8186
10
8182
14
8178
18
8174
22
8170
26
8166
30
8162
34
8158
38
8154
42
8150
46
8146
50
8142
54
8138
58
8134
62
8130
66
8126
70
8122
74
8118
78
8114
82
8110
86
8106
90
8102
94
8098
98
8094
102
8090
106
8086
110
8082
114
8078
118
8074
122
8070
126
8066
130
8062
134
8058
138
8054
142
8050
146
8046
150
8042
154
8038
158
8034
162
8030
166
8026
170
8022
174
8018
178
8014
182
8010
186
8006
190
8002
194
7998
198
7994
202
7990
206
7986
210
7982
214
7978
218
7974
222
7970
226
7966
230
7962
234
7958
238
7954
242
7950
246
7946
250
7942
254
7938
258
7934
262
7930
266
7926
270
7922
274
7918
278
7914
282
7910
286
7906
290
7902
294
7898
298
7894
302
7890
306
7886
310
7882
314
7878
318
7874
322
7870
326
7866
330
7862
334
7858
338
7854
342
7850
346
7846
350
7842
354
7838
358
7834
362
7830
366
7826
370
7822
374
7818
378
7814
382
7810
386
7806
390
7802
394
7798
398
7794
402
7790
406
7786
410
7782
414
7778
418
7774
422
7770
426
7766
430
7762
434
7758
438
7754
442
7750
446
7746
450
7742
454
7738
458
7734
462
7730
466
7726
470
7722
474
7718
478
7714
482
7710
486
7706
490
7702
494
7698
498
7694
502
7690
506
7686
510
7682
514
7678
518
7674
522
7670
526
7666
530
7662
534
7658
538
7654
542
7650
546
7646
550
7642
554
7638
558
7634
562
7630
566
7626
570
7622
574
7618
578
7614
582
7610
586
7606
590
7602
594
7598
598
7594
602
7590
606
7586
610
7582
614
7578
618
7574
622
7570
626
7566
630
7562
634
7558
638
7554
642
7550
646
7546
650
7542
654
7538
658
7534
662
7530
666
7526
670
7522
674
7518
678
7514
682
7510
686
7506
690
7502
694
7498
698
7494
702
7490
706
7486
710
7482
714
7478
718
7474
722
7470
726
7466
730
7462
734
7458
738
7454
742
7450
746
7446
750
7442
754
7438
758
7434
762
7430
766
7426
770
7422
774
7418
778
7414
782
7410
786
7406
790
7402
794
7398
798
7394
802
7390
806
7386
810
7382
814
7378
818
7374
822
7370
826
7366
830
7362
834
7358
838
7354
842
7350
846
7346
850
7342
854
7338
858
7334
862
7330
866
7326
870
7322
874
7318
878
7314
882
7310
886
7306
890
7302
894
7298
898
7294
902
7290
906
7286
910
7282
914
7278
918
7274
922
7270
926
7266
930
7262
934
7258
938
7254
942
7250
946
7246
950
7242
954
7238
958
7234
962
7230
966
7226
970
7222
974
7218
978
7214
982
7210
986
7206
990
7202
994
7198
998
7194
1002
7190
1006
7186
1010
7182
1014
7178
1018
7174
1022
7170
1026
7166
1030
7162
1034
7158
1038
7154
1042
7150
1046
7146
1050
7142
1054
7138
1058
7134
1062
7130
1066
7126
1070
7122
1074
7118
1078
7114
1082
7110
1086
7106
1090
7102
1094
7098
1098
7094
1102
7090
1106
7086
1110
7082
1114
7078
1118
7074
1122
7070
1126
7066
1130
7062
1134
7058
1138
7054
1142
7050
1146
7046
1150
7042
1154
7038
1158
7034
1162
7030
1166
7026
1170
7022
1174
7018
1178
7014
1182
7010
1186
7006
1190
7002
1194
6998
1198
6994
1202
6990
1206
6986
1210
6982
1214
6978
1218
6974
1222
6970
1226
6966
1230
6962
1234
6958
1238
6954
1242
6950
1246
6946
1250
6942
1254
6938
1258
6934
1262
6930
1266
6926
1270
6922
1274
6918
1278
6914
1282
6910
1286
6906
1290
6902
1294
6898
1298
6894
1302
6890
1306
6886
1310
6882
1314
6878
1318
6874
1322
6870
1326
6866
1330
6862
1334
6858
1338
6854
1342
6850
1346
6846
1350
6842
1354
6838
1358
6834
1362
6830
1366
6826
1370
6822
1374
6818
1378
6814
1382
6810
1386
6806
1390
6802
1394
6798
1398
6794
1402
6790
1406
6786
1410
6782
1414
6778
1418
6774
1422
6770
1426
6766
1430
6762
1434
6758
1438
6754
1442
6750
1446
6746
1450
6742
1454
6738
1458
6734
1462
6730
1466
6726
1470
6722
1474
6718
1478
6714
1482
6710
1486
6706
1490
6702
1494
6698
1498
6694
1502
6690
1506
6686
1510
6682
1514
6678
1518
6674
1522
6670
1526
6666
1530
6662
1534
6658
1538
6654
1542
6650
1546
6646
1550
6642
1554
6638
1558
6634
1562
6630
1566
6626
1570
6622
1574
6618
1578
6614
1582
6610
1586
6606
1590
6602
1594
6598
1598
6594
1602
6590
1606
6586
1610
6582
1614
6578
1618
6574
1622
6570
1626
6566
1630
6562
1634
6558
1638
6554
1642
6550
1646
6546
1650
6542
1654
6538
1658
6534
1662
6530
1666
6526
1670
6522
1674
6518
1678
6514
1682
6510
1686
6506
1690
6502
1694
6498
1698
6494
1702
6490
1706
6486
1710
6482
1714
6478
1718
6474
1722
6470
1726
6466
1730
6462
1734
6458
1738
6454
1742
6450
1746
6446
1750
6442
1754
6438
1758
6434
1762
6430
1766
6426
1770
6422
1774
6418
1778
6414
1782
6410
1786
6406
1790
6402
1794
6398
1798
6394
1802
6390
1806
6386
1810
6382
1814
6378
1818
6374
1822
6370
1826
6366
1830
6362
1834
6358
1838
6354
1842
6350
1846
6346
1850
6342
1854
6338
1858
6334
1862
6330
1866
6326
1870
6322
1874
6318
1878
6314
1882
6310
1886
6306
1890
6302
1894
6298
1898
6294
1902
6290
1906
6286
1910
6282
1914
6278
1918
6274
1922
6270
1926
6266
1930
6262
1934
6258
1938
6254
1942
6250
1946
6246
1950
6242
1954
6238
1958
6234
1962
6230
1966
6226
1970
6222
1974
6218
1978
6214
1982
6210
1986
6206
1990
6202
1994
6198
1998
6194
2002
6190
2006
6186
2010
6182
2014
6178
2018
6174
2022
6170
2026
6166
2030
6162
2034
6158
2038
6154
2042
6150
2046
6146
2050
6142
2054
6138
2058
6134
2062
6130
2066
6126
2070
6122
2074
6118
2078
6114
2082
6110
2086
6106
2090
6102
2094
6098
2098
6094
2102
6090
2106
6086
2110
6082
2114
6078
2118
6074
2122
6070
2126
6066
2130
6062
2134
6058
2138
6054
2142
6050
2146
6046
2150
6042
2154
6038
2158
6034
2162
6030
2166
6026
2170
6022
2174
6018
2178
6014
2182
6010
2186
6006
2190
6002
2194
5998
2198
5994
2202
5990
2206
5986
2210
5982
2214
5978
2218
5974
2222
5970
2226
5966
2230
5962
2234
5958
2238
5954
2242
5950
2246
5946
2250
5942
2254
5938
2258
5934
2262
5930
2266
5926
2270
5922
2274
5918
2278
5914
2282
5910
2286
5906
2290
5902
2294
5898
2298
5894
2302
5890
2306
5886
2310
5882
2314
5878
2318
5874
2322
5870
2326
5866
2330
5862
2334
5858
2338
5854
2342
5850
2346
5846
2350
5842
2354
5838
2358
5834
2362
5830
2366
5826
2370
5822
2374
5818
2378
5814
2382
5810
2386
5806
2390
5802
2394
5798
2398
5794
2402
5790
2406
5786
2410
5782
2414
5778
2418
5774
2422
5770
2426
5766
2430
5762
2434
5758
2438
5754
2442
5750
2446
5746
2450
5742
2454
5738
2458
5734
2462
5730
2466
5726
2470
5722
2474
5718
2478
5714
2482
5710
2486
5706
2490
5702
2494
5698
2498
5694
2502
5690
2506
5686
2510
5682
2514
5678
2518
5674
2522
5670
2526
5666
2530
5662
2534
5658
2538
5654
2542
5650
2546
5646
2550
5642
2554
5638
2558
5634
2562
5630
2566
5626
2570
5622
2574
5618
2578
5614
2582
5610
2586
5606
2590
5602
2594
5598
2598
5594
2602
5590
2606
5586
2610
5582
2614
5578
2618
5574
2622
5570
2626
5566
2630
5562
2634
5558
2638
5554
2642
5550
2646
5546
2650
5542
2654
5538
2658
5534
2662
5530
2666
5526
2670
5522
2674
5518
2678
5514
2682
5510
2686
5506
2690
5502
2694
5498
2698
5494
2702
5490
2706
5486
2710
5482
2714
5478
2718
5474
2722
5470
2726
5466
2730
5462
2734
5458
2738
5454
2742
5450
2746
5446
2750
5442
2754
5438
2758
5434
2762
5430
2766
5426
2770
5422
2774
5418
2778
5414
2782
5410
2786
5406
2790
5402
2794
5398
2798
5394
2802
5390
2806
5386
2810
5382
2814
5378
2818
5374
2822
5370
2826
5366
2830
5362
2834
5358
2838
5354
2842
5350
2846
5346
2850
5342
2854
5338
2858
5334
2862
5330
2866
5326
2870
5322
2874
5318
2878
5314
2882
5310
2886
5306
2890
5302
2894
5298
2898
5294
2902
5290
2906
5286
2910
5282
2914
5278
2918
5274
2922
5270
2926
5266
2930
5262
2934
5258
2938
5254
2942
5250
2946
5246
2950
5242
2954
5238
2958
5234
2962
5230
2966
5226
2970
5222
2974
5218
2978
5214
2982
5210
2986
5206
2990
5202
2994
5198
2998
5194
3002
5190
3006
5186
3010
5182
3014
5178
3018
5174
3022
5170
3026
5166
3030
5162
3034
5158
3038
5154
3042
5150
3046
5146
3050
5142
3054
5138
3058
5134
3062
5130
3066
5126
3070
5122
3074
5118
3078
5114
3082
5110
3086
5106
3090
5102
3094
5098
3098
5094
3102
5090
3106
5086
3110
5082
3114
5078
3118
5074
3122
5070
3126
5066
3130
5062
3134
5058
3138
5054
3142
5050
3146
5046
3150
5042
3154
5038
3158
5034
3162
5030
3166
5026
3170
5022
3174
5018
3178
5014
3182
5010
3186
5006
3190
5002
3194
4998
3198
4994
3202
4990
3206
4986
3210
4982
3214
4978
3218
4974
3222
4970
3226
4966
3230
4962
3234
4958
3238
4954
3242
4950
3246
4946
3250
4942
3254
4938
3258
4934
3262
4930
3266
4926
3270
4922
3274
4918
3278
4914
3282
4910
3286
4906
3290
4902
3294
4898
3298
4894
3302
4890
3306
4886
3310
4882
3314
4878
3318
4874
3322
4870
3326
4866
3330
4862
3334
4858
3338
4854
3342
4850
3346
4846
3350
4842
3354
4838
3358
4834
3362
4830
3366
4826
3370
4822
3374
4818
3378
4814
3382
4810
3386
4806
3390
4802
3394
4798
3398
4794
3402
4790
3406
4786
3410
4782
3414
4778
3418
4774
3422
4770
3426
4766
3430
4762
3434
4758
3438
4754
3442
4750
3446
4746
3450
4742
3454
4738
3458
4734
3462
4730
3466
4726
3470
4722
3474
4718
3478
4714
3482
4710
3486
4706
3490
4702
3494
4698
3498
4694
3502
4690
3506
4686
3510
4682
3514
4678
3518
4674
3522
4670
3526
4666
3530
4662
3534
4658
3538
4654
3542
4650
3546
4646
3550
4642
3554
4638
3558
4634
3562
4630
3566
4626
3570
4622
3574
4618
3578
4614
3582
4610
3586
4606
3590
4602
3594
4598
3598
4594
3602
4590
3606
4586
3610
4582
3614
4578
3618
4574
3622
4570
3626
4566
3630
4562
3634
4558
3638
4554
3642
4550
3646
4546
3650
4542
3654
4538
3658
4534
3662
4530
3666
4526
3670
4522
3674
4518
3678
4514
3682
4510
3686
4506
3690
4502
3694
4498
3698
4494
3702
4490
3706
4486
3710
4482
3714
4478
3718
4474
3722
4470
3726
4466
3730
4462
3734
4458
3738
4454
3742
4450
3746
4446
3750
4442
3754
4438
3758
4434
3762
4430
3766
4426
3770
4422
3774
4418
3778
4414
3782
4410
3786
4406
3790
4402
3794
4398
3798
4394
3802
4390
3806
4386
3810
4382
3814
4378
3818
4374
3822
4370
3826
4366
3830
4362
3834
4358
3838
4354
3842
4350
3846
4346
3850
4342
3854
4338
3858
4334
3862
4330
3866
4326
3870
4322
3874
4318
3878
4314
3882
4310
3886
4306
3890
4302
3894
4298
3898
4294
3902
4290
3906
4286
3910
4282
3914
4278
3918
4274
3922
4270
3926
4266
3930
4262
3934
4258
3938
4254
3942
4250
3946
4246
3950
4242
3954
4238
3958
4234
3962
4230
3966
4226
3970
4222
3974
4218
3978
4214
3982
4210
3986
4206
3990
4202
3994
4198
3998
4194
4002
4190
4006
4186
4010
4182
4014
4178
4018
4174
4022
4170
4026
4166
4030
4162
4034
4158
4038
4154
4042
4150
4046
4146
4050
4142
4054
4138
4058
4134
4062
4130
4066
4126
4070
4122
4074
4118
4078
4114
4082
4110
4086
4106
4090
4102
4094
4098
1
8191
3
8189
5
8187
7
8185
9
8183
11
8181
13
8179
15
8177
17
8175
19
8173
21
8171
23
8169
25
8167
27
8165
29
8163
31
8161
33
8159
35
8157
37
8155
39
8153
41
8151
43
8149
45
8147
47
8145
49
8143
51
8141
53
8139
55
8137
57
8135
59
8133
61
8131
63
8129
65
8127
67
8125
69
8123
71
8121
73
8119
75
8117
77
8115
79
8113
81
8111
83
8109
85
8107
87
8105
89
8103
91
8101
93
8099
95
8097
97
8095
99
8093
101
8091
103
8089
105
8087
107
8085
109
8083
111
8081
113
8079
115
8077
117
8075
119
8073
121
8071
123
8069
125
8067
127
8065
129
8063
131
8061
133
8059
135
8057
137
8055
139
8053
141
8051
143
8049
145
8047
147
8045
149
8043
151
8041
153
8039
155
8037
157
8035
159
8033
161
8031
163
8029
165
8027
167
8025
169
8023
171
8021
173
8019
175
8017
177
8015
179
8013
181
8011
183
8009
185
8007
187
8005
189
8003
191
8001
193
7999
195
7997
197
7995
199
7993
201
7991
203
7989
205
7987
207
7985
209
7983
211
7981
213
7979
215
7977
217
7975
219
7973
221
7971
223
7969
225
7967
227
7965
229
7963
231
7961
233
7959
235
7957
237
7955
239
7953
241
7951
243
7949
245
7947
247
7945
249
7943
251
7941
253
7939
255
7937
257
7935
259
7933
261
7931
263
7929
265
7927
267
7925
269
7923
271
7921
273
7919
275
7917
277
7915
279
7913
281
7911
283
7909
285
7907
287
7905
289
7903
291
7901
293
7899
295
7897
297
7895
299
7893
301
7891
303
7889
305
7887
307
7885
309
7883
311
7881
313
7879
315
7877
317
7875
319
7873
321
7871
323
7869
325
7867
327
7865
329
7863
331
7861
333
7859
335
7857
337
7855
339
7853
341
7851
343
7849
345
7847
347
7845
349
7843
351
7841
353
7839
355
7837
357
7835
359
7833
361
7831
363
7829
365
7827
367
7825
369
7823
371
7821
373
7819
375
7817
377
7815
379
7813
381
7811
383
7809
385
7807
387
7805
389
7803
391
7801
393
7799
395
7797
397
7795
399
7793
401
7791
403
7789
405
7787
407
7785
409
7783
411
7781
413
7779
415
7777
417
7775
419
7773
421
7771
423
7769
425
7767
427
7765
429
7763
431
7761
433
7759
435
7757
437
7755
439
7753
441
7751
443
7749
445
7747
447
7745
449
7743
451
7741
453
7739
455
7737
457
7735
459
7733
461
7731
463
7729
465
7727
467
7725
469
7723
471
7721
473
7719
475
7717
477
7715
479
7713
481
7711
483
7709
485
7707
487
7705
489
7703
491
7701
493
7699
495
7697
497
7695
499
7693
501
7691
503
7689
505
7687
507
7685
509
7683
511
7681
513
7679
515
7677
517
7675
519
7673
521
7671
523
7669
525
7667
527
7665
529
7663
531
7661
533
7659
535
7657
537
7655
539
7653
541
7651
543
7649
545
7647
547
7645
549
7643
551
7641
553
7639
555
7637
557
7635
559
7633
561
7631
563
7629
565
7627
567
7625
569
7623
571
7621
573
7619
575
7617
577
7615
579
7613
581
7611
583
7609
585
7607
587
7605
589
7603
591
7601
593
7599
595
7597
597
7595
599
7593
601
7591
603
7589
605
7587
607
7585
609
7583
611
7581
613
7579
615
7577
617
7575
619
7573
621
7571
623
7569
625
7567
627
7565
629
7563
631
7561
633
7559
635
7557
637
7555
639
7553
641
7551
643
7549
645
7547
647
7545
649
7543
651
7541
653
7539
655
7537
657
7535
659
7533
661
7531
663
7529
665
7527
667
7525
669
7523
671
7521
673
7519
675
7517
677
7515
679
7513
681
7511
683
7509
685
7507
687
7505
689
7503
691
7501
693
7499
695
7497
697
7495
699
7493
701
7491
703
7489
705
7487
707
7485
709
7483
711
7481
713
7479
715
7477
717
7475
719
7473
721
7471
723
7469
725
7467
727
7465
729
7463
731
7461
733
7459
735
7457
737
7455
739
7453
741
7451
743
7449
745
7447
747
7445
749
7443
751
7441
753
7439
755
7437
757
7435
759
7433
761
7431
763
7429
765
7427
767
7425
769
7423
771
7421
773
7419
775
7417
777
7415
779
7413
781
7411
783
7409
785
7407
787
7405
789
7403
791
7401
793
7399
795
7397
797
7395
799
7393
801
7391
803
7389
805
7387
807
7385
809
7383
811
7381
813
7379
815
7377
817
7375
819
7373
821
7371
823
7369
825
7367
827
7365
829
7363
831
7361
833
7359
835
7357
837
7355
839
7353
841
7351
843
7349
845
7347
847
7345
849
7343
851
7341
853
7339
855
7337
857
7335
859
7333
861
7331
863
7329
865
7327
867
7325
869
7323
871
7321
873
7319
875
7317
877
7315
879
7313
881
7311
883
7309
885
7307
887
7305
889
7303
891
7301
893
7299
895
7297
897
7295
899
7293
901
7291
903
7289
905
7287
907
7285
909
7283
911
7281
913
7279
915
7277
917
7275
919
7273
921
7271
923
7269
925
7267
927
7265
929
7263
931
7261
933
7259
935
7257
937
7255
939
7253
941
7251
943
7249
945
7247
947
7245
949
7243
951
7241
953
7239
955
7237
957
7235
959
7233
961
7231
963
7229
965
7227
967
7225
969
7223
971
7221
973
7219
975
7217
977
7215
979
7213
981
7211
983
7209
985
7207
987
7205
989
7203
991
7201
993
7199
995
7197
997
7195
999
7193
1001
7191
1003
7189
1005
7187
1007
7185
1009
7183
1011
7181
1013
7179
1015
7177
1017
7175
1019
7173
1021
7171
1023
7169
1025
7167
1027
7165
1029
7163
1031
7161
1033
7159
1035
7157
1037
7155
1039
7153
1041
7151
1043
7149
1045
7147
1047
7145
1049
7143
1051
7141
1053
7139
1055
7137
1057
7135
1059
7133
1061
7131
1063
7129
1065
7127
1067
7125
1069
7123
1071
7121
1073
7119
1075
7117
1077
7115
1079
7113
1081
7111
1083
7109
1085
7107
1087
7105
1089
7103
1091
7101
1093
7099
1095
7097
1097
7095
1099
7093
1101
7091
1103
7089
1105
7087
1107
7085
1109
7083
1111
7081
1113
7079
1115
7077
1117
7075
1119
7073
1121
7071
1123
7069
1125
7067
1127
7065
1129
7063
1131
7061
1133
7059
1135
7057
1137
7055
1139
7053
1141
7051
1143
7049
1145
7047
1147
7045
1149
7043
1151
7041
1153
7039
1155
7037
1157
7035
1159
7033
1161
7031
1163
7029
1165
7027
1167
7025
1169
7023
1171
7021
1173
7019
1175
7017
1177
7015
1179
7013
1181
7011
1183
7009
1185
7007
1187
7005
1189
7003
1191
7001
1193
6999
1195
6997
1197
6995
1199
6993
1201
6991
1203
6989
1205
6987
1207
6985
1209
6983
1211
6981
1213
6979
1215
6977
1217
6975
1219
6973
1221
6971
1223
6969
1225
6967
1227
6965
1229
6963
1231
6961
1233
6959
1235
6957
1237
6955
1239
6953
1241
6951
1243
6949
1245
6947
1247
6945
1249
6943
1251
6941
1253
6939
1255
6937
1257
6935
1259
6933
1261
6931
1263
6929
1265
6927
1267
6925
1269
6923
1271
6921
1273
6919
1275
6917
1277
6915
1279
6913
1281
6911
1283
6909
1285
6907
1287
6905
1289
6903
1291
6901
1293
6899
1295
6897
1297
6895
1299
6893
1301
6891
1303
6889
1305
6887
1307
6885
1309
6883
1311
6881
1313
6879
1315
6877
1317
6875
1319
6873
1321
6871
1323
6869
1325
6867
1327
6865
1329
6863
1331
6861
1333
6859
1335
6857
1337
6855
1339
6853
1341
6851
1343
6849
1345
6847
1347
6845
1349
6843
1351
6841
1353
6839
1355
6837
1357
6835
1359
6833
1361
6831
1363
6829
1365
6827
1367
6825
1369
6823
1371
6821
1373
6819
1375
6817
1377
6815
1379
6813
1381
6811
1383
6809
1385
6807
1387
6805
1389
6803
1391
6801
1393
6799
1395
6797
1397
6795
1399
6793
1401
6791
1403
6789
1405
6787
1407
6785
1409
6783
1411
6781
1413
6779
1415
6777
1417
6775
1419
6773
1421
6771
1423
6769
1425
6767
1427
6765
1429
6763
1431
6761
1433
6759
1435
6757
1437
6755
1439
6753
1441
6751
1443
6749
1445
6747
1447
6745
1449
6743
1451
6741
1453
6739
1455
6737
1457
6735
1459
6733
1461
6731
1463
6729
1465
6727
1467
6725
1469
6723
1471
6721
1473
6719
1475
6717
1477
6715
1479
6713
1481
6711
1483
6709
1485
6707
1487
6705
1489
6703
1491
6701
1493
6699
1495
6697
1497
6695
1499
6693
1501
6691
1503
6689
1505
6687
1507
6685
1509
6683
1511
6681
1513
6679
1515
6677
1517
6675
1519
6673
1521
6671
1523
6669
1525
6667
1527
6665
1529
6663
1531
6661
1533
6659
1535
6657
1537
6655
1539
6653
1541
6651
1543
6649
1545
6647
1547
6645
1549
6643
1551
6641
1553
6639
1555
6637
1557
6635
1559
6633
1561
6631
1563
6629
1565
6627
1567
6625
1569
6623
1571
6621
1573
6619
1575
6617
1577
6615
1579
6613
1581
6611
1583
6609
1585
6607
1587
6605
1589
6603
1591
6601
1593
6599
1595
6597
1597
6595
1599
6593
1601
6591
1603
6589
1605
6587
1607
6585
1609
6583
1611
6581
1613
6579
1615
6577
1617
6575
1619
6573
1621
6571
1623
6569
1625
6567
1627
6565
1629
6563
1631
6561
1633
6559
1635
6557
1637
6555
1639
6553
1641
6551
1643
6549
1645
6547
1647
6545
1649
6543
1651
6541
1653
6539
1655
6537
1657
6535
1659
6533
1661
6531
1663
6529
1665
6527
1667
6525
1669
6523
1671
6521
1673
6519
1675
6517
1677
6515
1679
6513
1681
6511
1683
6509
1685
6507
1687
6505
1689
6503
1691
6501
1693
6499
1695
6497
1697
6495
1699
6493
1701
6491
1703
6489
1705
6487
1707
6485
1709
6483
1711
6481
1713
6479
1715
6477
1717
6475
1719
6473
1721
6471
1723
6469
1725
6467
1727
6465
1729
6463
1731
6461
1733
6459
1735
6457
1737
6455
1739
6453
1741
6451
1743
6449
1745
6447
1747
6445
1749
6443
1751
6441
1753
6439
1755
6437
1757
6435
1759
6433
1761
6431
1763
6429
1765
6427
1767
6425
1769
6423
1771
6421
1773
6419
1775
6417
1777
6415
1779
6413
1781
6411
1783
6409
1785
6407
1787
6405
1789
6403
1791
6401
1793
6399
1795
6397
1797
6395
1799
6393
1801
6391
1803
6389
1805
6387
1807
6385
1809
6383
1811
6381
1813
6379
1815
6377
1817
6375
1819
6373
1821
6371
1823
6369
1825
6367
1827
6365
1829
6363
1831
6361
1833
6359
1835
6357
1837
6355
1839
6353
1841
6351
1843
6349
1845
6347
1847
6345
1849
6343
1851
6341
1853
6339
1855
6337
1857
6335
1859
6333
1861
6331
1863
6329
1865
6327
1867
6325
1869
6323
1871
6321
1873
6319
1875
6317
1877
6315
1879
6313
1881
6311
1883
6309
1885
6307
1887
6305
1889
6303
1891
6301
1893
6299
1895
6297
1897
6295
1899
6293
1901
6291
1903
6289
1905
6287
1907
6285
1909
6283
1911
6281
1913
6279
1915
6277
1917
6275
1919
6273
1921
6271
1923
6269
1925
6267
1927
6265
1929
6263
1931
6261
1933
6259
1935
6257
1937
6255
1939
6253
1941
6251
1943
6249
1945
6247
1947
6245
1949
6243
1951
6241
1953
6239
1955
6237
1957
6235
1959
6233
1961
6231
1963
6229
1965
6227
1967
6225
1969
6223
1971
6221
1973
6219
1975
6217
1977
6215
1979
6213
1981
6211
1983
6209
1985
6207
1987
6205
1989
6203
1991
6201
1993
6199
1995
6197
1997
6195
1999
6193
2001
6191
2003
6189
2005
6187
2007
6185
2009
6183
2011
6181
2013
6179
2015
6177
2017
6175
2019
6173
2021
6171
2023
6169
2025
6167
2027
6165
2029
6163
2031
6161
2033
6159
2035
6157
2037
6155
2039
6153
2041
6151
2043
6149
2045
6147
2047
6145
2049
6143
2051
6141
2053
6139
2055
6137
2057
6135
2059
6133
2061
6131
2063
6129
2065
6127
2067
6125
2069
6123
2071
6121
2073
6119
2075
6117
2077
6115
2079
6113
2081
6111
2083
6109
2085
6107
2087
6105
2089
6103
2091
6101
2093
6099
2095
6097
2097
6095
2099
6093
2101
6091
2103
6089
2105
6087
2107
6085
2109
6083
2111
6081
2113
6079
2115
6077
2117
6075
2119
6073
2121
6071
2123
6069
2125
6067
2127
6065
2129
6063
2131
6061
2133
6059
2135
6057
2137
6055
2139
6053
2141
6051
2143
6049
2145
6047
2147
6045
2149
6043
2151
6041
2153
6039
2155
6037
2157
6035
2159
6033
2161
6031
2163
6029
2165
6027
2167
6025
2169
6023
2171
6021
2173
6019
2175
6017
2177
6015
2179
6013
2181
6011
2183
6009
2185
6007
2187
6005
2189
6003
2191
6001
2193
5999
2195
5997
2197
5995
2199
5993
2201
5991
2203
5989
2205
5987
2207
5985
2209
5983
2211
5981
2213
5979
2215
5977
2217
5975
2219
5973
2221
5971
2223
5969
2225
5967
2227
5965
2229
5963
2231
5961
2233
5959
2235
5957
2237
5955
2239
5953
2241
5951
2243
5949
2245
5947
2247
5945
2249
5943
2251
5941
2253
5939
2255
5937
2257
5935
2259
5933
2261
5931
2263
5929
2265
5927
2267
5925
2269
5923
2271
5921
2273
5919
2275
5917
2277
5915
2279
5913
2281
5911
2283
5909
2285
5907
2287
5905
2289
5903
2291
5901
2293
5899
2295
5897
2297
5895
2299
5893
2301
5891
2303
5889
2305
5887
2307
5885
2309
5883
2311
5881
2313
5879
2315
5877
2317
5875
2319
5873
2321
5871
2323
5869
2325
5867
2327
5865
2329
5863
2331
5861
2333
5859
2335
5857
2337
5855
2339
5853
2341
5851
2343
5849
2345
5847
2347
5845
2349
5843
2351
5841
2353
5839
2355
5837
2357
5835
2359
5833
2361
5831
2363
5829
2365
5827
2367
5825
2369
5823
2371
5821
2373
5819
2375
5817
2377
5815
2379
5813
2381
5811
2383
5809
2385
5807
2387
5805
2389
5803
2391
5801
2393
5799
2395
5797
2397
5795
2399
5793
2401
5791
2403
5789
2405
5787
2407
5785
2409
5783
2411
5781
2413
5779
2415
5777
2417
5775
2419
5773
2421
5771
2423
5769
2425
5767
2427
5765
2429
5763
2431
5761
2433
5759
2435
5757
2437
5755
2439
5753
2441
5751
2443
5749
2445
5747
2447
5745
2449
5743
2451
5741
2453
5739
2455
5737
2457
5735
2459
5733
2461
5731
2463
5729
2465
5727
2467
5725
2469
5723
2471
5721
2473
5719
2475
5717
2477
5715
2479
5713
2481
5711
2483
5709
2485
5707
2487
5705
2489
5703
2491
5701
2493
5699
2495
5697
2497
5695
2499
5693
2501
5691
2503
5689
2505
5687
2507
5685
2509
5683
2511
5681
2513
5679
2515
5677
2517
5675
2519
5673
2521
5671
2523
5669
2525
5667
2527
5665
2529
5663
2531
5661
2533
5659
2535
5657
2537
5655
2539
5653
2541
5651
2543
5649
2545
5647
2547
5645
2549
5643
2551
5641
2553
5639
2555
5637
2557
5635
2559
5633
2561
5631
2563
5629
2565
5627
2567
5625
2569
5623
2571
5621
2573
5619
2575
5617
2577
5615
2579
5613
2581
5611
2583
5609
2585
5607
2587
5605
2589
5603
2591
5601
2593
5599
2595
5597
2597
5595
2599
5593
2601
5591
2603
5589
2605
5587
2607
5585
2609
5583
2611
5581
2613
5579
2615
5577
2617
5575
2619
5573
2621
5571
2623
5569
2625
5567
2627
5565
2629
5563
2631
5561
2633
5559
2635
5557
2637
5555
2639
5553
2641
5551
2643
5549
2645
5547
2647
5545
2649
5543
2651
5541
2653
5539
2655
5537
2657
5535
2659
5533
2661
5531
2663
5529
2665
5527
2667
5525
2669
5523
2671
5521
2673
5519
2675
5517
2677
5515
2679
5513
2681
5511
2683
5509
2685
5507
2687
5505
2689
5503
2691
5501
2693
5499
2695
5497
2697
5495
2699
5493
2701
5491
2703
5489
2705
5487
2707
5485
2709
5483
2711
5481
2713
5479
2715
5477
2717
5475
2719
5473
2721
5471
2723
5469
2725
5467
2727
5465
2729
5463
2731
5461
2733
5459
2735
5457
2737
5455
2739
5453
2741
5451
2743
5449
2745
5447
2747
5445
2749
5443
2751
5441
2753
5439
2755
5437
2757
5435
2759
5433
2761
5431
2763
5429
2765
5427
2767
5425
2769
5423
2771
5421
2773
5419
2775
5417
2777
5415
2779
5413
2781
5411
2783
5409
2785
5407
2787
5405
2789
5403
2791
5401
2793
5399
2795
5397
2797
5395
2799
5393
2801
5391
2803
5389
2805
5387
2807
5385
2809
5383
2811
5381
2813
5379
2815
5377
2817
5375
2819
5373
2821
5371
2823
5369
2825
5367
2827
5365
2829
5363
2831
5361
2833
5359
2835
5357
2837
5355
2839
5353
2841
5351
2843
5349
2845
5347
2847
5345
2849
5343
2851
5341
2853
5339
2855
5337
2857
5335
2859
5333
2861
5331
2863
5329
2865
5327
2867
5325
2869
5323
2871
5321
2873
5319
2875
5317
2877
5315
2879
5313
2881
5311
2883
5309
2885
5307
2887
5305
2889
5303
2891
5301
2893
5299
2895
5297
2897
5295
2899
5293
2901
5291
2903
5289
2905
5287
2907
5285
2909
5283
2911
5281
2913
5279
2915
5277
2917
5275
2919
5273
2921
5271
2923
5269
2925
5267
2927
5265
2929
5263
2931
5261
2933
5259
2935
5257
2937
5255
2939
5253
2941
5251
2943
5249
2945
5247
2947
5245
2949
5243
2951
5241
2953
5239
2955
5237
2957
5235
2959
5233
2961
5231
2963
5229
2965
5227
2967
5225
2969
5223
2971
5221
2973
5219
2975
5217
2977
5215
2979
5213
2981
5211
2983
5209
2985
5207
2987
5205
2989
5203
2991
5201
2993
5199
2995
5197
2997
5195
2999
5193
3001
5191
3003
5189
3005
5187
3007
5185
3009
5183
3011
5181
3013
5179
3015
5177
3017
5175
3019
5173
3021
5171
3023
5169
3025
5167
3027
5165
3029
5163
3031
5161
3033
5159
3035
5157
3037
5155
3039
5153
3041
5151
3043
5149
3045
5147
3047
5145
3049
5143
3051
5141
3053
5139
3055
5137
3057
5135
3059
5133
3061
5131
3063
5129
3065
5127
3067
5125
3069
5123
3071
5121
3073
5119
3075
5117
3077
5115
3079
5113
3081
5111
3083
5109
3085
5107
3087
5105
3089
5103
3091
5101
3093
5099
3095
5097
3097
5095
3099
5093
3101
5091
3103
5089
3105
5087
3107
5085
3109
5083
3111
5081
3113
5079
3115
5077
3117
5075
3119
5073
3121
5071
3123
5069
3125
5067
3127
5065
3129
5063
3131
5061
3133
5059
3135
5057
3137
5055
3139
5053
3141
5051
3143
5049
3145
5047
3147
5045
3149
5043
3151
5041
3153
5039
3155
5037
3157
5035
3159
5033
3161
5031
3163
5029
3165
5027
3167
5025
3169
5023
3171
5021
3173
5019
3175
5017
3177
5015
3179
5013
3181
5011
3183
5009
3185
5007
3187
5005
3189
5003
3191
5001
3193
4999
3195
4997
3197
4995
3199
4993
3201
4991
3203
4989
3205
4987
3207
4985
3209
4983
3211
4981
3213
4979
3215
4977
3217
4975
3219
4973
3221
4971
3223
4969
3225
4967
3227
4965
3229
4963
3231
4961
3233
4959
3235
4957
3237
4955
3239
4953
3241
4951
3243
4949
3245
4947
3247
4945
3249
4943
3251
4941
3253
4939
3255
4937
3257
4935
3259
4933
3261
4931
3263
4929
3265
4927
3267
4925
3269
4923
3271
4921
3273
4919
3275
4917
3277
4915
3279
4913
3281
4911
3283
4909
3285
4907
3287
4905
3289
4903
3291
4901
3293
4899
3295
4897
3297
4895
3299
4893
3301
4891
3303
4889
3305
4887
3307
4885
3309
4883
3311
4881
3313
4879
3315
4877
3317
4875
3319
4873
3321
4871
3323
4869
3325
4867
3327
4865
3329
4863
3331
4861
3333
4859
3335
4857
3337
4855
3339
4853
3341
4851
3343
4849
3345
4847
3347
4845
3349
4843
3351
4841
3353
4839
3355
4837
3357
4835
3359
4833
3361
4831
3363
4829
3365
4827
3367
4825
3369
4823
3371
4821
3373
4819
3375
4817
3377
4815
3379
4813
3381
4811
3383
4809
3385
4807
3387
4805
3389
4803
3391
4801
3393
4799
3395
4797
3397
4795
3399
4793
3401
4791
3403
4789
3405
4787
3407
4785
3409
4783
3411
4781
3413
4779
3415
4777
3417
4775
3419
4773
3421
4771
3423
4769
3425
4767
3427
4765
3429
4763
3431
4761
3433
4759
3435
4757
3437
4755
3439
4753
3441
4751
3443
4749
3445
4747
3447
4745
3449
4743
3451
4741
3453
4739
3455
4737
3457
4735
3459
4733
3461
4731
3463
4729
3465
4727
3467
4725
3469
4723
3471
4721
3473
4719
3475
4717
3477
4715
3479
4713
3481
4711
3483
4709
3485
4707
3487
4705
3489
4703
3491
4701
3493
4699
3495
4697
3497
4695
3499
4693
3501
4691
3503
4689
3505
4687
3507
4685
3509
4683
3511
4681
3513
4679
3515
4677
3517
4675
3519
4673
3521
4671
3523
4669
3525
4667
3527
4665
3529
4663
3531
4661
3533
4659
3535
4657
3537
4655
3539
4653
3541
4651
3543
4649
3545
4647
3547
4645
3549
4643
3551
4641
3553
4639
3555
4637
3557
4635
3559
4633
3561
4631
3563
4629
3565
4627
3567
4625
3569
4623
3571
4621
3573
4619
3575
4617
3577
4615
3579
4613
3581
4611
3583
4609
3585
4607
3587
4605
3589
4603
3591
4601
3593
4599
3595
4597
3597
4595
3599
4593
3601
4591
3603
4589
3605
4587
3607
4585
3609
4583
3611
4581
3613
4579
3615
4577
3617
4575
3619
4573
3621
4571
3623
4569
3625
4567
3627
4565
3629
4563
3631
4561
3633
4559
3635
4557
3637
4555
3639
4553
3641
4551
3643
4549
3645
4547
3647
4545
3649
4543
3651
4541
3653
4539
3655
4537
3657
4535
3659
4533
3661
4531
3663
4529
3665
4527
3667
4525
3669
4523
3671
4521
3673
4519
3675
4517
3677
4515
3679
4513
3681
4511
3683
4509
3685
4507
3687
4505
3689
4503
3691
4501
3693
4499
3695
4497
3697
4495
3699
4493
3701
4491
3703
4489
3705
4487
3707
4485
3709
4483
3711
4481
3713
4479
3715
4477
3717
4475
3719
4473
3721
4471
3723
4469
3725
4467
3727
4465
3729
4463
3731
4461
3733
4459
3735
4457
3737
4455
3739
4453
3741
4451
3743
4449
3745
4447
3747
4445
3749
4443
3751
4441
3753
4439
3755
4437
3757
4435
3759
4433
3761
4431
3763
4429
3765
4427
3767
4425
3769
4423
3771
4421
3773
4419
3775
4417
3777
4415
3779
4413
3781
4411
3783
4409
3785
4407
3787
4405
3789
4403
3791
4401
3793
4399
3795
4397
3797
4395
3799
4393
3801
4391
3803
4389
3805
4387
3807
4385
3809
4383
3811
4381
3813
4379
3815
4377
3817
4375
3819
4373
3821
4371
3823
4369
3825
4367
3827
4365
3829
4363
3831
4361
3833
4359
3835
4357
3837
4355
3839
4353
3841
4351
3843
4349
3845
4347
3847
4345
3849
4343
3851
4341
3853
4339
3855
4337
3857
4335
3859
4333
3861
4331
3863
4329
3865
4327
3867
4325
3869
4323
3871
4321
3873
4319
3875
4317
3877
4315
3879
4313
3881
4311
3883
4309
3885
4307
3887
4305
3889
4303
3891
4301
3893
4299
3895
4297
3897
4295
3899
4293
3901
4291
3903
4289
3905
4287
3907
4285
3909
4283
3911
4281
3913
4279
3915
4277
3917
4275
3919
4273
3921
4271
3923
4269
3925
4267
3927
4265
3929
4263
3931
4261
3933
4259
3935
4257
3937
4255
3939
4253
3941
4251
3943
4249
3945
4247
3947
4245
3949
4243
3951
4241
3953
4239
3955
4237
3957
4235
3959
4233
3961
4231
3963
4229
3965
4227
3967
4225
3969
4223
3971
4221
3973
4219
3975
4217
3977
4215
3979
4213
3981
4211
3983
4209
3985
4207
3987
4205
3989
4203
3991
4201
3993
4199
3995
4197
3997
4195
3999
4193
4001
4191
4003
4189
4005
4187
4007
4185
4009
4183
4011
4181
4013
4179
4015
4177
4017
4175
4019
4173
4021
4171
4023
4169
4025
4167
4027
4165
4029
4163
4031
4161
4033
4159
4035
4157
4037
4155
4039
4153
4041
4151
4043
4149
4045
4147
4047
4145
4049
4143
4051
4141
4053
4139
4055
4137
4057
4135
4059
4133
4061
4131
4063
4129
4065
4127
4067
4125
4069
4123
4071
4121
4073
4119
4075
4117
4077
4115
4079
4113
4081
4111
4083
4109
4085
4107
4087
4105
4089
4103
4091
4101
4093
4099
4095
4097
0
0
0
0
0
0
0
0
0
0
0
0
0
0
0
0
0
0
0
0
0
0
0
0
0
0
0
0
0
0
0
0
0
0
0
0
0
0
0
0
0
0
0
0
0
0
0
0
0
0
0
0
0
0
0
0
0
0
0
0
0
0
0
0
0
0
0
0
0
0
0
0
0
0
0
0
0
0
0
0
0
0
0
0
0
0
0
0
0
0
0
0
0
0
0
0
0
0
0
0
0
0
0
0
0
0
0
0
0
0
0
0
0
0
0
0
0
0
0
0
0
0
0
0
0
0
0
0
0
0
0
0
0
0
0
0
0
0
0
0
0
0
0
0
0
0
0
0
0
0
0
0
0
0
0
0
0
0
0
0
0
0
0
0
0
0
0
0
0
0
0
0
0
0
0
0
0
0
0
0
0
0
0
0
0
0
0
0
0
0
0
0
0
0
0
0
0
0
0
0
0
0
0
0
0
0
0
0
0
0
0
0
0
0
0
0
0
0
0
0
0
0
0
0
0
0
0
0
0
0
0
0
0
0
0
0
0
0
0
0
0
0
0
0
0
0
0
0
0
0
0
0
0
0
0
0
0
0
0
0
0
0
0
0
0
0
0
0
0
0
0
0
0
0
0
0
0
0
0
0
0
0
0
0
0
0
0
0
0
0
0
0
0
0
0
0
0
0
0
0
0
0
0
0
0
0
0
0
0
0
0
0
0
0
0
0
0
0
0
0
0
0
0
0
0
0
0
0
0
0
0
0
0
0
0
0
0
0
0
0
0
0
0
0
0
0
0
0
0
0
0
0
0
0
0
0
0
0
0
0
0
0
0
0
0
0
0
0
0
0
0
0
0
0
0
0
0
0
0
0
0
0
0
0
0
0
0
0
0
0
0
0
0
0
0
0
0
0
0
0
0
0
0
0
0
0
0
0
0
0
0
0
0
0
0
0
0
0
0
0
0
0
0
0
0
0
0
0
0
0
0
0
0
0
0
0
0
0
0
0
0
0
0
0
0
0
0
0
0
0
0
0
0
0
0
0
0
0
0
0
0
0
0
0
0
0
0
0
0
0
0
0
0
0
0
0
0
0
0
0
0
0
0
0
0
0
0
0
0
0
0
0
0
0
0
0
0
0
0
0
0
0
0
0
0
0
0
0
0
0
0
0
0
0
0
0
0
0
0
0
0
0
0
0
0
0
0
0
0
0
0
0
0
0
0
0
0
0
0
0
0
0
0
0
0
0
0
0
0
0
0
0
0
0
0
0
0
0
0
0
0
0
0
0
0
0
0
0
0
0
0
0
0
0
0
0
0
0
0
0
0
0
0
0
0
0
0
0
0
0
0
0
0
0
0
0
0
0
0
0
0
0
0
0
0
0
0
0
0
0
0
0
0
0
0
0
0
0
0
0
0
0
0
0
0
0
0
0
0
0
0
0
0
0
0
0
0
0
0
0
0
0
0
0
0
0
0
0
0
0
0
0
0
0
0
0
0
0
0
0
0
0
0
0
0
0
0
0
0
0
0
0
0
0
0
0
0
0
0
0
0
0
0
0
0
0
0
0
0
0
0
0
0
0
0
0
0
0
0
0
0
0
0
0
0
0
0
0
0
0
0
0
0
0
0
0
0
0
0
0
0
0
0
0
0
0
0
0
0
0
0
0
0
0
0
0
0
0
0
0
0
0
0
0
0
0
0
0
0
0
0
0
0
0
0
0
0
0
0
0
0
0
0
0
0
0
0
0
0
0
0
0
0
0
0
0
0
0
0
0
0
0
0
0
0
0
0
0
0
0
0
0
0
0
0
0
0
0
0
0
0
0
0
0
0
0
0
0
0
0
0
0
0
0
0
0
0
0
0
0
0
0
0
0
0
0
0
0
0
0
0
0
0
0
0
0
0
0
0
0
0
0
0
0
0
0
0
0
0
0
0
0
0
0
0
0
0
0
0
0
0
0
0
0
0
0
0
0
0
0
0
0
0
0
0
0
0
0
0
0
0
0
0
0
0
0
0
0
0
0
0
0
0
0
0
0
0
0
0
0
0
0
0
0
0
0
0
0
0
0
0
0
0
0
0
0
0
0
0
0
0
0
0
0
0
0
0
0
0
0
0
0
0
0
0
0
0
0
0
0
0
0
0
0
0
0
0
0
0
0
0
0
0
0
0
0
0
0
0
0
0
0
0
0
0
0
0
0
0
0
0
0
0
0
0
0
0
0
0
0
0
0
0
0
0
0
0
0
0
0
0
0
0
0
0
0
0
0
0
0
0
0
0
0
0
0
0
0
0
0
0
0
0
0
0
0
0
0
0
0
0
0
0
0
0
0
0
0
0
0
0
0
0
0
0
0
0
0
0
0
0
0
0
0
0
0
0
0
0
0
0
0
0
0
0
0
0
0
0
0
0
0
0
0
0
0
0
0
0
0
0
0
0
0
0
0
0
0
0
0
0
0
0
0
0
0
0
0
0
0
0
0
0
0
0
0
0
0
0
0
0
0
0
0
0
0
0
0
0
0
0
0
0
0
0
0
0
0
0
0
0
0
0
0
0
0
0
0
0
0
0
0
0
0
0
0
0
0
0
0
0
0
0
0
0
0
0
0
0
0
0
0
0
0
0
0
0
0
0
0
0
0
0
0
0
0
0
0
0
0
0
0
0
0
0
0
0
0
0
0
0
0
0
0
0
0
0
0
0
0
0
0
0
0
0
0
0
0
0
0
0
0
0
0
0
0
0
0
0
0
0
0
0
0
0
0
0
0
0
0
0
0
0
0
0
0
0
0
0
0
0
0
0
0
0
0
0
0
0
0
0
0
0
0
0
0
0
0
0
0
0
0
0
0
0
0
0
0
0
0
0
0
0
0
0
0
0
0
0
0
0
0
0
0
0
0
0
0
0
0
0
0
0
0
0
0
0
0
0
0
0
0
0
0
0
0
0
0
0
0
0
0
0
0
0
0
0
0
0
0
0
0
0
0
0
0
0
0
0
0
0
0
0
0
0
0
0
0
0
0
0
0
0
0
0
0
0
0
0
0
0
0
0
0
0
0
0
0
0
0
0
0
0
0
0
0
0
0
0
0
0
0
0
0
0
0
0
0
0
0
0
0
0
0
0
0
0
0
0
0
0
0
0
0
0
0
0
0
0
0
0
0
0
0
0
0
0
0
0
0
0
0
0
0
0
0
0
0
0
0
0
0
0
0
0
0
0
0
0
0
0
0
0
0
0
0
0
0
0
0
0
0
0
0
0
0
0
0
0
0
0
0
0
0
0
0
0
0
0
0
0
0
0
0
0
0
0
0
0
0
0
0
0
0
0
0
0
0
0
0
0
0
0
0
0
0
0
0
0
0
0
0
0
0
0
0
0
0
0
0
0
0
0
0
0
0
0
0
0
0
0
0
0
0
0
0
0
0
0
0
0
0
0
0
0
0
0
0
0
0
0
0
0
0
0
0
0
0
0
0
0
0
0
0
0
0
0
0
0
0
0
0
0
0
0
0
0
0
0
0
0
0
0
0
0
0
0
0
0
0
0
0
0
0
0
0
0
0
0
0
0
0
0
0
0
0
0
0
0
0
0
0
0
0
0
0
0
0
0
0
0
0
0
0
0
0
0
0
0
0
0
0
0
0
0
0
0
0
0
0
0
0
0
0
0
0
0
0
0
0
0
0
0
0
0
0
0
0
0
0
0
0
0
0
0
0
0
0
0
0
0
0
0
0
0
0
0
0
0
0
0
0
0
0
0
0
0
0
0
0
0
0
0
0
0
0
0
0
0
0
0
0
0
0
0
0
0
0
0
0
0
0
0
0
0
0
0
0
0
0
0
0
0
0
0
0
0
0
0
0
0
0
0
0
0
0
0
0
0
0
0
0
0
0
0
0
0
0
0
0
0
0
0
0
0
0
0
0
0
0
0
0
0
0
0
0
0
0
0
0
0
0
0
0
0
0
0
0
0
0
0
0
0
0
0
0
0
0
0
0
0
0
0
0
0
0
0
0
0
0
0
0
0
0
0
0
0
0
0
0
0
0
0
0
0
0
0
0
0
0
0
0
0
0
0
0
0
0
0
0
0
0
0
0
0
0
0
0
0
0
0
0
0
0
